4.999999999999933
5.000000000000003
5.0
4.999999999999999
4.999999999999999
4.999999999999997
5.000000000000001
5.000000000000002
4.999999999999999
5.000000000000008
5.000000000000004
4.999999999999996
5.000000000000028
4.999999999999997
5.000000000000002
5.000000000000002
5.000000000000002
nan
8.881784197001252e-16
2.309297871469017e-15
-1.1099929019948294e-15
2.0009532776779833e-15
-1.039688991013303e-15
-1.1512209167049338e-16
-3.871539625889156e-16
1.7447558521607273e-16
-1.0237880859106032e-15
5.802142070740685e-16
1.721010862247977e-15
-1.9453680320507605e-15
-8.94927894602342e-17
-7.882583474838611e-15
-7.882583474838611e-15
4.999999999999933
5.000000000000003
5.0
4.999999999999999
4.999999999999999
4.999999999999997
5.000000000000001
5.000000000000002
4.999999999999999
5.000000000000008
5.000000000000004
4.999999999999996
5.000000000000028
4.999999999999997
5.000000000000002
