1.1129005071963267e-15
3.5945128217164245e-15
1.467103029817436e-14
5.301151752795843e-14
1.8863035242792512e-13
6.789711974167178e-13
2.253547468528921e-12
7.36035865469178e-12
2.329913302384015e-11
7.165281298776412e-11
2.207566040126791e-10
6.323629660489191e-10
1.7774371627858864e-9
4.849826805136355e-9
1.2845744659173769e-8
3.4030720881452514e-8
8.390466401315166e-8
2.0317600291215297e-7
4.77601890380197e-7
1.0898366597686604e-6
2.4827131839537507e-6
5.268064256446276e-6
1.09901570820877e-5
2.2256817726855045e-5
4.375472022987591e-5
8.57183408329292e-5
0.00015652361501980206
0.0002813199328236175
0.0004908255758569047
0.0008312985097712721
0.0014006246710636836
0.0022007980697702208
0.003407767463779775
0.005122305811921286
0.007474197626514731
0.010831226318504427
0.014643950809897947
0.01953521174554637
0.025297846514261264
0.03180188237422165
0.03964117878868126
0.046112488748665734
0.05299674245370915
0.05912690422075644
0.06403614807315344
0.06866444254816582
0.06871694535458801
0.06804018730458694
0.06539917736118098
0.061021566075400116
0.056290496150190855
0.04846131202954706
0.041339719379693586
0.034233033074650504
0.027518670553774435
0.021840200406476648
0.016173791047574645
0.011886449937537636
0.008479910112269326
0.005872834710664341
0.004011005523274779
0.002553992427753613
0.0016178419278308643
0.0009931050368920265
0.000594839387408786
0.00034710165748605653
0.00019074869540376023
0.00010742651430235485
5.471661734037183e-5
2.8865047198952184e-5
0.0
