3.795777498874443e-19
3.750944414567489e-18
1.6015274518357304e-17
4.5181209214936584e-17
1.0208350839637715e-16
2.0022226643685981e-16
3.5576291219265654e-16
5.875362090021176e-16
1.3381946247787025e-15
9.957901815973231e-15
3.346166279962846e-14
8.146958465637658e-14
1.6641858766715208e-13
3.0325280186727455e-13
5.094235670464715e-13
8.048894327488421e-13
1.7179854732880773e-12
9.676793100384952e-12
2.6291852060917668e-11
5.543759947826541e-11
1.018768348736636e-10
1.711151020455941e-10
2.694006890697848e-10
4.0372462829919995e-10
8.009862052362541e-10
3.4369313503991453e-9
7.734202912188692e-9
1.4205036450065708e-8
2.3415575110874336e-8
3.599425933685596e-8
5.2631826865649304e-8
7.4081312730289e-8
1.352727608976669e-7
4.45590643861509e-7
8.481254567120435e-7
1.367018447845793e-6
2.0196848450706136e-6
2.8246687228407154e-6
3.801643002256654e-6
4.971409451065269e-6
8.256061566175438e-6
2.1068353688593298e-5
3.453734118144853e-5
4.9269987520304115e-5
6.532670783258035e-5
8.276919224877428e-5
0.00010166040590246336
0.00012206458893029987
0.00018176177059973017
0.00036311017324672847
0.0005206465400207882
0.0006632595655676835
0.0007916356897964557
0.0009064472538333863
0.0010083525000219324
0.0010979955719227223
0.0014415732459563634
0.0022810186288641718
0.0028988555586650583
0.003326859716966079
0.00359045873637088
0.003713557667241523
0.0037185389776978853
0.003626262553618297
0.004116164596679179
0.005224422711593498
0.0059526846733232944
0.006205920402728905
0.006088845019195615
0.005696002195878202
0.005111764159700621
0.004410331691356384
0.004231277789648009
0.0043654942180685625
0.004505096000913547
0.004299488804096029
0.0038574136233449972
0.0032731304262961845
0.002626418152491783
0.0019825747133809337
0.0015668747331183152
0.001331876251319729
0.0012564875549669217
0.001105414003906376
0.0009122648595201894
0.0007049359243187386
0.0005056095419404032
0.0003307545971517707
0.00020924663726028706
0.0001484965257735919
0.00012918174778062458
0.00010543659205017307
8.049702246960285e-5
5.691187238318179e-5
3.654284459198537e-5
2.0564511353780633e-5
1.0092162723719484e-5
6.0558883209332125e-6
4.898256500857005e-6
3.7309772462820944e-6
2.6492771046226426e-6
1.7222816781688218e-6
9.9301562397246e-7
4.784026537316918e-7
1.761006141080132e-7
9.040976410891464e-8
6.853355225947437e-8
4.899039055683355e-8
3.2515725374352504e-8
1.9533104947241938e-8
1.0154179339987276e-8
4.178700413776092e-9
1.1137867718246513e-9
4.945043327690644e-10
3.539842427081867e-10
2.3877099793952153e-10
1.4882258755739807e-10
8.30034045629907e-11
3.90842437601244e-11
1.3742299651039097e-11
2.558312978541415e-12
9.916692834628115e-13
6.752145301721648e-13
4.3207480749707286e-13
2.5403501211687704e-13
1.3212568117849474e-13
5.66229715622821e-14
1.7048639147584544e-14
2.1383780611847155e-15
7.297018210809112e-16
4.758100765777522e-16
2.903981632284198e-16
1.617717462033782e-16
7.879158056784099e-17
3.087368047970174e-17
7.989488419312258e-18
6.519326565701225e-19
1.972741308882781e-19
1.2425963873925427e-19
7.476559796118965e-20
4.870577340271401e-20
5.179477819433722e-20
9.802091639007763e-20
2.1185511235299533e-19
4.2179387563103277e-19
2.239898849634921e-18
3.4345742956409574e-17
2.1389860105016967e-16
8.371600573738585e-16
2.46114975648835e-15
5.947364511958508e-15
1.243551440443857e-14
2.3135146701365556e-14
9.879402337132474e-14
8.387482696664538e-13
3.854305738217174e-12
1.241389502468268e-11
3.158083318056722e-11
6.763478011544263e-11
1.2641924996034127e-10
2.1657834128874684e-10
7.423790912714862e-10
3.751395426950684e-9
1.2730996121739354e-8
3.3330958518424665e-8
7.228485560778026e-8
1.3491845571719405e-7
2.206015903413916e-7
3.4458032652324973e-7
9.458322517593449e-7
3.046540441028551e-6
7.690217908656605e-6
1.6216476490842797e-5
2.955944232216833e-5
4.725995294381003e-5
6.595106856142197e-5
9.278350755945427e-5
0.00020337000066373344
0.0004449375365768472
0.0008463035711529644
0.0014297671918682764
0.002163063750709805
0.0029115951812684164
0.003373426854426064
0.0042107039783063375
0.00734912327848433
0.011570363249707205
0.016882156626740447
0.02282921492167104
0.02837194134306236
0.03162088605036283
0.029509537688941774
0.0320840746000159
0.04448179975987135
0.05306129196649315
0.060681977879964426
0.06592517046226662
0.06682069834106448
0.06072462920014924
0.0441814168350308
0.0409176611079648
0.04498924344551149
0.04254462876203558
0.03905427749702666
0.034364880547835916
0.02830875186804844
0.02070292418964633
0.011348209430814413
0.00871525420617831
0.007595527960924484
0.0059217467448371905
0.004472717337974061
0.0032261096407414924
0.0021612721516954766
0.0012591400078764575
0.0005021463353691291
0.00030973914741824494
0.00021413724715400382
0.00014232674329963323
9.065081225074001e-5
5.440808071275225e-5
2.978702188280812e-5
1.3736792476856774e-5
3.8509357817173835e-6
1.837631929305335e-6
1.0099244625006764e-6
5.88694221280928e-7
3.236818953017371e-7
1.6443728932134587e-7
7.421961943743032e-8
2.7040237390718592e-8
5.158361417500985e-9
1.8233503095991006e-9
7.992391678695418e-10
4.184056974902755e-10
2.0294913979713814e-10
8.8860408137509e-11
3.347000766875759e-11
9.659345346354546e-12
1.2179585255682258e-12
3.03515832233993e-13
1.0656943721904132e-13
5.110464769242875e-14
2.230048371350409e-14
8.570123751703618e-15
2.7337963939886387e-15
6.296644211242728e-16
5.1295005162473554e-17
8.491912135512547e-18
2.4013273043630534e-18
1.0729006525439257e-18
4.2893310342721124e-19
1.4746916469204192e-19
4.0609993957425854e-20
7.60819280675743e-21
4.20552031635402e-22
