-5.773159728050814e-15
-5.773159728050814e-15
-5.773159728050814e-15
-4.163336342344337e-17
5.4643789493269423e-17
-3.924811864397526e-17
9.86623976961809e-18
1.1817803680091998e-17
1.3823577699190182e-16
-9.976015239582248e-17
-2.69058321629434e-16
9.8089803423837e-17
-8.596977838816466e-16
-1.8554510819489625e-15
-1.6368488189215727e-17
7.045005956374511e-16
-7.0748093400192454e-15
9.41234149472235e-15
-8.315919072027689e-15
2.7842664777173632e-14
3.671327867424341e-14
-1.6667506270999465e-13
-5.773159728050814e-15
-4.163336342344337e-17
5.4643789493269423e-17
-3.924811864397526e-17
9.86623976961809e-18
1.1817803680091998e-17
1.3823577699190182e-16
-9.976015239582248e-17
-2.69058321629434e-16
9.8089803423837e-17
-8.596977838816466e-16
-1.7044716942656198e-15
-1.6368488189215727e-17
6.594596186672037e-16
-7.0748093400192454e-15
9.41234149472235e-15
-8.315919072027689e-15
2.792122562719359e-14
3.671327867424341e-14
-1.6664899267369578e-13
-2.7706077015277177e-13
-3.9087923289671607e-16
1.1614443745945361e-12
-2.2369634768153603e-12
-4.3999973603680295e-12
-8.955793833116495e-17
-8.955793833116495e-17
-8.955793833116495e-17
-8.955793833116495e-17
-8.955793833116495e-17
