0.9602314853205894
0.9602314853205894
0.9920452474988164
0.9602314853205894
0.4998719970882508
0.8767914081892786
0.9871251508846144
0.9990141935493728
0.9715555555840012
0.9734488189241901
0.9690039215996276
0.8951920656023952
0.47919880487239447
0.8339369484310132
0.9535818314957425
0.9673525581073259
0.9933230556262921
0.9666410250033468
0.5991982273102339
0.8339636398427273
0.9499328200852366
0.958379720045373
0.9666413579230481
0.9920452474988164
0.8541738131379931
0.4959594070977494
0.9972549449330558
0.9780645161509671
0.8711111112400003
0.9353952756551548
0.9858509804063047
0.8093150686838355
0.9666303666444788
0.9791592360801543
0.9499290201185666
0.9666399939690876
0.9918949941116475
0.4959684253448156
0.995831820094581
0.8564398757218011
0.7519210955782385
0.9666413471828825
0.9950289906400509
0.9666413632943655
0.9997328805543567
0.9933231931256248
0.9673527130662294
0.9933231933583686
0.9651674450341213
0.9986046228251112
0.9896728516711947
0.9919187354707241
0.96516618896653
