nan
nan
nan
nan
nan
nan
nan
nan
nan
0.25000000000000017
0.25
0.25000000000000067
0.24999999999999917
0.25000000000000977
0.2499999999999845
0.24999999999993774
0.24999999999981684
nan
nan
nan
0.25000000000000017
0.25
0.25000000000000067
0.24999999999999917
0.25000000000000977
0.2499999999999845
0.24999999999993774
0.24999999999981684
0.24999999999924394
0.24999999999924394
0.24999999999924394
0.24999999999924394
0.24999999999924394
0.24999999999924394
0.24999999999924394
0.24999999999924394
0.24999999999924394
nan
nan
nan
0.25000000000000017
0.25
0.25000000000000067
0.24999999999999917
0.25000000000000977
0.2499999999999845
0.24999999999993774
0.24999999999981684
0.24999999999924394
0.24999999999924394
0.24999999999924394
0.24999999999924394
0.24999999999924394
0.24999999999924394
0.24999999999924394
0.24999999999924394
0.24999999999924394
0.24999999999924394
0.24999999999924394
0.24999999999924394
0.24999999999924394
0.24999999999924394
0.24999999999924394
0.24999999999924394
0.24999999999924394
0.24999999999924394
0.24999999999924394
0.25000000000000017
0.25
0.25000000000000067
0.24999999999999917
0.25000000000000977
0.2499999999999845
0.24999999999993774
0.24999999999981684
0.24999999999924394
0.24999999999924394
0.24999999999924394
0.24999999999924394
0.24999999999924394
0.24999999999924394
0.24999999999924394
0.24999999999924394
0.24999999999924394
0.24999999999924394
0.24999999999924394
0.24999999999924394
0.24999999999924394
0.24999999999924394
0.24999999999924394
0.24999999999924394
0.24999999999924394
0.24999999999924394
0.24999999999924394
