0.1927123654461882
0.1927123654461882
0.1927123654461882
0.1927123654461882
0.28136820531287277
0.2857040324413279
0.28569762962100537
0.2857120142307246
0.2857250330884885
0.28573292963116526
0.2857372099019056
0.2857394309329375
0.28571469875798655
0.28571469875798655
0.28571469875798655
0.28571469875798655
0.28571469875798655
0.28571469875798655
0.28571469875798655
0.28571469875798655
0.28571469875798655
0.28571469875798655
0.28571469875798655
0.1927123654461882
0.1927123654461882
0.28136820531287277
0.2857040324413279
0.28569762962100537
0.2857120142307246
0.2857250330884885
0.28573292963116526
0.2857372099019056
0.2857394309329375
0.28571469875798655
0.28571469875798655
0.28571469875798655
0.28571469875798655
0.28571469875798655
0.28571469875798655
0.28571469875798655
0.28571469875798655
0.28571469875798655
0.28571469875798655
0.28571469875798655
0.28571469875798655
0.28571469875798655
0.28571469875798655
0.28571469875798655
0.28571469875798655
0.28571469875798655
0.28571469875798655
0.28571469875798655
0.28571469875798655
0.28571469875798655
