9.827366732463698
9.827366732463698
9.662871749547984
9.657916888640933
9.657846642550142
9.657794421447186
9.65776464672365
9.657748940394336
9.657740894859156
9.657736825542957
9.657956844725563
9.657956844725563
9.657956844725563
9.657956844725563
9.657956844725563
9.657956844725563
9.657956844725563
9.657956844725563
9.657956844725563
9.657956844725563
9.657956844725563
9.657956844725563
9.657956844725563
9.657956844725563
9.657956844725563
9.657956844725563
9.657956844725563
9.657956844725563
9.657956844725563
9.657956844725563
9.657956844725563
