-9.075966235610638
-9.075966235610638
-9.670684728514066
-9.70237149874423
-9.702420951329474
-9.702467683726542
-9.702496558316483
-9.702512275083633
-9.702520437442983
-9.702524592462636
-9.702367528894948
-9.702367528894948
-9.702367528894948
-9.702367528894948
-9.702367528894948
-9.702367528894948
-9.702367528894948
-9.702367528894948
-9.702367528894948
-9.702367528894948
-9.702367528894948
-9.702367528894948
-9.702367528894948
-9.702367528894948
-9.702367528894948
-9.702367528894948
-9.702367528894948
-9.702367528894948
-9.702367528894948
-9.702367528894948
-9.702367528894948
