0.4948750138282776
0.4898949861526489
0.5005649924278259
0.499114990234375
0.5021550059318542
0.5027649998664856
0.49976998567581177
0.5033850073814392
0.5149449706077576
0.42234501242637634
0.0
0.4948750138282776
0.49201500415802
0.48867499828338623
0.483474999666214
0.47846001386642456
0.4743399918079376
0.47232499718666077
0.47067001461982727
0.5288800001144409
0.4948750138282776
0.4915499985218048
0.4836899936199188
0.4785650074481964
0.4746299982070923
0.47056499123573303
0.4692249894142151
0.46810999512672424
0.4678800106048584
0.5319949984550476
